0.00 
-0.04 
-0.10 
-0.21 
 0.22 
-0.34 
-0.37 
-0.39 
-0.40 
-0.44 
-0.48 
-0.50 
-0.50 
-0.50 
-0.50 
-0.50 
-0.50 
-0.50 
-0.52 
-0.53 
-0.55 
-0.58 
-0.59 
-0.60 
-0.60 
-0.62 
-0.64 
-0.65 
-0.66 
-0.70 
-0.70 
-0.70 
-0.70 
-0.73 
-0.73 
-0.73 
-0.76 
-0.80 
-0.82 
-0.86 
-0.94 
-0.95 
-0.96 
-0.98 
-0.99 
-1.01 
-1.04 
-1.09 
-1.12 
-1.15 
-1.16 
-1.16 
-1.17 
-1.20 
-1.20 
-1.20 
-1.22 
-1.24 
-1.27 
-1.29 
-1.29 
-1.30 
-1.30 
-1.30 
-1.32 
-1.35 
-1.35 
-1.37 
-1.38 
-1.39 
-1.40 
-1.40 
-1.41 
-1.43 
-1.44 
-1.44 
-1.45 
-1.46 
-1.48 
-1.48 
-1.49 
-1.50 
-1.50 
-1.51 
-1.51 
-1.52 
-1.52 
-1.53 
-1.54 
-1.54 
-1.55 
-1.56 
-1.56 
-1.57 
-1.57 
-1.58 
-1.58 
-1.58 
-1.60 
-1.60 
-1.60 
-1.62 
-1.62 
-1.63 
-1.64 
-1.66 
-1.67 
-1.67 
-1.68 
-1.68 
-1.70 
-1.74 
-1.75 
-1.75 
-1.75 
-1.76 
-1.80 
-1.80 
-1.80 
-1.80 
-1.81 
-1.82 
-1.83 
-1.83 
-1.85 
-1.85 
-1.86 
-1.88 
-1.90 
-1.92 
-1.94 
-1.95 
-1.99 
-2.00 
-2.00 
-2.00 
-2.00 
-2.00 
-2.05 
-2.06 
-2.09 
-2.12 
-2.12 
-2.22 
-2.26 
-2.26 
-2.28 
-2.29 
