0.01
0.02
0.03
0.27
0.30
0.36
0.37
0.40
0.53
0.53
0.81
0.88
0.97
1.09
1.11
1.12
1.41
1.49
1.51
1.54
1.64
1.79
1.80
1.84
1.96
1.99
2.09
2.15
2.22
2.23
2.26
2.35
2.35
2.42
2.46
2.54
2.55
2.69
2.72
2.73
2.76
2.82
2.84
2.91
2.92
2.96
3.01
3.04
3.04
3.05
3.05
3.13
3.14
3.14
3.23
3.26
3.28
3.32
3.33
3.33
3.37
3.40
3.41
3.42
3.43
3.48
3.50
3.50
3.51
3.62
3.62
3.64
3.66
3.67
3.70
3.76
3.76
3.76
3.78
3.80
3.81
3.82
3.82
3.84
3.87
3.90
3.91
3.99
4.00
4.01
4.03
4.17
4.21
4.28
4.29
4.31
4.41
4.41
4.42
4.47
4.52
4.58
4.58
4.59
4.59
4.65
4.66
4.66
4.68
4.69
4.70
4.73
4.76
4.77
4.81
4.83
4.84
4.86
4.91
5.04
5.06
5.11
5.14
5.20
5.22
5.25
5.25
5.28
5.31
5.32
5.34
5.38
5.41
5.41
5.48
5.53
5.60
5.68
5.73
5.92
